50
9 0
2 11
47 54
24 29
14 20
38 45
38 48
2 11
6 16
43 52
39 27
3 9
18 28
20 30
22 29
43 49
22 27
31 40
32 38
42 47
11 18
34 39
3 12
35 40
37 47
31 38
17 25
40 48
48 54
23 29
19 29
36 42
13 22
10 15
26 33
39 46
36 43
35 42
44 50
32 37
30 35
32 42
32 42
9 16
12 21
11 20
42 50
20 26
48 57
5 10
2 24
46 56
39 49
40 13
2 9
4 11
36 44
28 38
49 58
45 52
2 10
24 30
7 15
0 6
9 19
39 46
5 10
18 24
29 34
6 14
2 12
7 13
4 9
4 12
32 41
7 14
13 21
40 48
25 30
11 20
39 44
4 9
15 22
33 42
30 39
42 48
35 43
19 27
18 25
13 19
20 25
20 28
47 54
23 33
3 36
31 41
28 35
30 40
38 34
44 54
42 50
40 46
34 39
48 54
15 22
40 50
15 24
20 29
19 26
2 12
46 53
45 50
16 23
33 42
48 58
14 21
22 30
17 27
42 49
26 36
35 44
6 12
21 28
36 44
22 30
20 25
32 41
16 26
40 46
45 53
15 20
40 47
45 52
38 46
36 45
16 24
45 54
15 34
30 37
49 56
5 13
46 52
10 18
28 36
36 45
22 32
41 49
35 40
48 57
49 59
34 43
40 48
32 42
28 29
11 16
26 36
22 29
13 22
9 18
50 59
2 9
28 33
12 17
44 49
44 49
11 21
29 36
11 21
18 24
44 54
39 46
26 34
11 21
50 59
20 27
46 53
48 57
39 47
45 52
1 6
43 52
10 20
4 43
34 44
39 47
40 48
21 26
25 28
0 10
13 19
46 52
17 25
24 29
11 20
45 53
14 20
6 13
7 14
40 46
7 16
1 7
28 38
13 20
12 18
6 14
33 43
28 36
17 22
24 33
44 49
6 12
45 51
41 46
17 40
44 52
39 47
17 23
27 33
25 30
29 36
42 51
28 36
21 30
0 5
15 25
24 33
41 50
38 44
16 21
25 32
23 33
3 40
22 30
3 12
22 31
33 22
41 47
27 34
48 56
40 49
12 17
25 34
18 25
26 35
32 37
45 51
2 8
33 39
36 42
38 44
16 21
36 46
2 10
5 14
13 21
4 14
29 35
14 21
23 30
22 29
41 46
2 11
38 48
20 26
31 36
6 14
49 58
6 15
28 38
38 16
39 45
15 20
21 28
3 9
39 49
21 30
16 25
39 46
40 45
46 52
7 13
48 58
40 47
7 17
22 28
32 40
28 33
15 24
36 44
1 9
30 39
50 58
12 22
44 50
47 54
31 41
22 31
9 14
1 8
21 28
32 38
28 36
16 24
31 40
44 54
5 11
38 48
14 19
21 40
44 51
27 32
22 30
39 44
9 14
22 30
42 52
46 51
43 53
43 50
42 51
17 24
21 29
36 41
27 32
42 47
3 12
42 51
24 31
13 20
6 12
9 8
13 23
30 39
28 38
4 12
45 51
49 56
25 31
48 55
21 27
9 34
6 12
16 23
35 40
1 6
32 37
24 32
42 50
46 53
21 29
20 14
47 53
28 35
13 20
4 14
17 24
26 34
33 42
27 36
34 43
20 30
37 47
13 18
14 20
5 11
24 34
26 31
1 11
38 45
48 58
17 23
45 21
37 43
46 55
36 44
7 13
38 43
37 47
28 36
9 16
1 6
15 21
32 41
16 21
50 57
35 44
16 26
8 15
24 31
14 20
29 39
20 25
34 42
13 18
3 8
50 58
26 36
50 57
25 35
40 45
24 31
50 57
10 16
16 21
13 18
20 27
32 37
0 8
38 43
4 9
28 37
7 12
31 39
17 22
34 39
31 38
1 8
40 45
42 50
26 34
26 32
42 47
13 18
35 43
44 51
22 29
20 27
18 28
2 7
50 57
48 57
21 30
26 35
11 16
11 16
45 55
4 10
40 49
20 26
29 35
34 44
29 39
27 32
30 40
26 36
17 23
41 47
22 28
13 23
47 56
26 33
4 11
45 53
16 22
35 40
43 49
4 10
34 40
24 26
13 18
16 24
13 22
14 21
33 42
39 44
6 15
39 46
18 28
23 31
26 35
45 50
43 48
20 26
4 11
0 9
43 48
40 47
27 34
8 17
49 58
42 47
47 54
43 48
23 18
13 21
48 57
0 6
21 31
17 24
29 38
32 39
20 25
41 49
3 12
35 41
4 10
18 25
37 45
49 57
9 16
21 28
22 31
29 38
37 42
36 43
25 31
27 32
31 44
26 31
12 18
22 32
34 43
42 49
5 11
49 54
49 57
2 7
44 50
1 8
34 41
8 16
47 53
1 9
41 46
15 20
23 30
3 10
23 29
28 34
13 18
39 47
6 11
7 14
20 28
41 48
43 49
26 33
15 22
25 33
30 9
40 50
44 53
50 57
24 33
11 20
18 27
28 38
8 15
18 28
22 29
38 46
19 28
26 33
13 22
21 30
25 32
0 7
9 15
35 45
14 21
50 60
7 16
39 47
7 16
7 13
5 12
33 43
22 29
2 11
30 39
24 36
46 56
19 26
16 23
26 33
46 53
19 26
4 13
41 47
20 28
31 39
31 36
20 30
41 48
32 39
15 25
21 30
1 11
34 41
28 37
11 19
41 51
15 20
23 33
28 37
30 5
41 49
6 16
5 15
42 52
30 38
43 49
26 34
47 52
49 59
0 5
19 26
13 20
32 42
21 29
10 19
16 25
41 51
9 17
47 54
34 42
30 37
40 48
41 48
42 51
17 27
10 18
38 43
37 46
18 27
43 52
23 10
26 34
6 14
44 53
12 17
20 30
32 38
40 45
37 43
33 38
23 30
40 48
48 57
6 14
49 57
48 54
35 40
10 20
42 49
7 17
39 44
32 42
37 47
31 38
23 35
28 38
26 35
44 52
21 29
25 35
43 51
43 49
9 15
37 44
42 50
36 43
43 49
12 20
46 56
17 23
24 30
40 47
42 51
12 18
25 31
50 56
17 25
50 56
21 14
27 36
2 7
20 27
24 34
26 35
5 10
42 51
31 39
29 35
47 57
1 11
46 52
40 47
20 28
28 38
42 49
40 45
27 34
6 15
0 7
15 24
44 27
12 22
32 41
39 46
26 36
6 11
13 23
9 19
2 10
4 12
31 37
19 24
32 40
41 49
10 19
22 30
39 45
27 36
7 12
37 47
28 36
37 47
3 12
18 28
29 38
30 35
11 16
28 38
8 13
48 56
17 22
16 25
31 37
16 25
20 27
1 8
15 23
30 40
1 8
18 27
18 27
40 48
43 52
46 55
15 21
29 41
39 45
21 27
11 16
8 13
19 24
36 41
22 28
34 39
3 13
40 48
24 29
3 13
6 15
12 20
30 35
31 41
30 38
3 13
46 54
43 53
22 28
3 9
25 31
15 21
40 47
28 38
48 56
17 26
38 47
13 7
21 28
49 56
42 49
34 43
35 42
50 55
32 40
6 11
48 55
7 17
14 22
18 27
8 16
19 22
44 52
37 45
47 53
23 31
16 23
29 37
43 48
20 28
27 33
34 42
27 34
16 24
7 14
44 50
33 41
0 9
16 24
18 23
23 31
13 22
23 31
44 51
4 14
38 45
13 22
28 37
32 39
46 51
24 33
24 30
17 23
39 49
45 55
24 5
36 41
7 13
37 45
29 34
15 20
26 31
34 40
0 5
17 27
20 27
17 25
46 55
19 28
30 36
48 54
8 16
29 35
26 36
6 12
25 33
6 15
21 29
6 12
42 52
24 19
30 37
33 42
39 45
30 39
15 20
33 39
19 27
31 36
19 25
32 42
13 19
40 47
26 32
12 18
35 44
44 54
3 11
17 23
45 52
19 29
8 18
29 36
12 17
10 16
31 33
33 38
28 34
31 38
16 26
50 58
41 49
6 11
8 15
38 44
1 9
30 40
33 41
30 40
45 52
14 22
3 13
31 41
10 20
43 51
23 31
12 22
30 37
7 12
35 40
40 46
28 33
1 10
28 34
7 13
43 48
12 20
27 14
48 56
14 24
38 47
20 28
18 25
42 52
36 42
27 36
39 48
2 11
33 38
8 17
25 33
22 28
14 19
49 55
20 27
47 54
25 34
19 28
30 40
1 9
10 18
32 40
17 23
45 52
22 29
28 13
49 59
4 14
33 40
17 26
43 53
48 57
18 28
42 47
45 55
35 45
33 38
45 52
37 47
32 41
21 28
16 24
35 42
28 38
27 32
2 12
30 36
44 54
39 49
25 34
35 44
5 13
19 29
31 38
32 15
34 43
15 21
7 14
38 46
11 17
23 29
6 12
40 45
32 40
4 11
26 34
4 11
3 8
19 28
23 29
28 38
0 9
41 50
18 23
42 50
45 50
0 6
18 24
31 38
15 25
39 49
22 31
40 46
0 6
26 33
50 57
8 17
46 21
1 6
5 10
34 39
18 28
44 54
25 34
48 55
29 39
47 53
26 33
5 13
48 54
49 56
25 35
26 36
50 57
7 12
33 40
30 35
34 40
3 11
35 42
9 16
2 10
45 53
30 39
21 30
41 51
48 58
18 25
32 42
28 37
19 27
7 15
12 21
30 40
48 55
3 10
13 20
23 30
16 26
24 34
14 23
8 16
32 38
39 49
42 18
26 36
15 25
2 8
29 36
45 50
10 19
5 12
49 54
41 47
25 31
50 56
0 10
11 16
13 19
44 51
4 13
17 23
18 25
48 55
24 33
9 17
50 58
1 10
42 51
8 13
39 49
32 40
19 26
29 35
49 59
0 9
9 18
23 31
15 24
35 43
6 15
49 57
22 30
14 19
41 50
31 37
44 54
19 12
42 47
36 46
21 29
5 15
10 15
30 36
50 56
17 24
21 29
48 53
19 26
29 39
49 57
33 38
50 58
35 44
43 51
46 55
41 49
33 7
32 37
5 15
6 12
4 10
12 22
37 42
44 50
44 53
13 19
32 40
42 47
19 29
22 29
21 26
19 28
25 30
31 39
46 52
37 43
2 7
47 52
33 38
6 14
26 35
43 48
36 45
23 28
16 26
36 45
44 51
31 41
33 38
41 50
36 3
22 31
13 19
26 36
50 59
28 34
36 42
36 41
47 57
34 39
44 50
24 31
29 37
20 26
42 48
24 33
44 51
22 30
3 8
8 16
38 43
8 13
44 49
2 8
35 44
19 28
35 43
2 12
30 40
0 6
5 14
18 27
37 43
42 51
25 34
18 25
15 25
28 30
15 21
6 14
47 57
48 58
12 17
5 12
9 19
43 53
13 19
5 12
21 30
20 27
34 40
48 57
43 50
46 52
29 34
15 20
17 22
18 26
22 32
32 39
8 14
41 51
46 56
46 54
18 23
9 16
34 26
45 54
26 34
40 47
44 54
12 17
27 36
39 48
1 11
22 32
33 42
22 30
12 22
1 9
41 51
19 27
39 48
14 20
28 33
32 39
22 28
4 12
40 50
32 40
24 30
20 30
9 16
18 28
4 12
7 16
50 57
36 41
50 59
49 57
42 52
38 2
16 23
13 21
18 27
18 27
33 39
6 15
4 14
13 23
47 53
12 21
17 26
22 32
46 55
41 49
5 13
49 55
42 48
4 11
37 45
8 14
19 28
29 38
3 8
41 49
1 9
16 26
36 41
36 41
4 14
6 14
42 47
3 11
39 46
20 26
46 51
28 35
30 38
22 29
27 9
9 19
45 55
24 32
3 8
41 50
7 14
4 14
10 17
31 37
20 27
50 59
4 14
5 15
32 40
24 29
26 36
4 14
42 49
13 22
45 54
10 19
40 49
4 12
26 33
20 26
35 43
49 58
37 36
43 49
10 17
40 48
21 31
44 52
4 14
45 53
38 43
32 38
5 14
9 15
25 32
21 27
41 48
37 47
19 28
10 18
17 25
16 26
18 24
49 59
8 17
33 42
23 30
17 22
14 22
47 53
27 32
16 26
6 12
2 8
34 43
47 55
50 59
34 42
14 22
20 30
