50
17 40
20 26
11 21
17 25
28 35
16 26
32 37
30 37
6 16
36 44
15 21
11 21
44 50
17 27
37 42
16 21
16 22
47 54
24 6
6 12
8 16
49 57
48 57
46 51
34 39
34 43
4 11
48 56
3 9
17 27
13 18
35 41
41 51
43 53
10 19
7 15
18 28
10 15
24 29
23 33
36 41
26 33
44 50
26 39
11 19
9 16
14 21
39 47
22 27
37 44
21 26
8 13
24 30
22 32
17 25
12 18
2 7
45 52
7 13
33 42
48 58
12 22
8 13
37 47
47 56
12 18
23 31
9 17
16 23
32 38
42 0
22 30
49 56
18 28
32 42
44 50
40 45
33 43
36 42
8 14
48 53
24 33
27 35
21 31
28 33
23 30
23 33
35 40
7 16
26 31
45 50
36 42
17 22
12 19
10 19
28 33
1 8
38 46
27 36
46 55
45 52
50 55
1 9
20 28
38 43
10 18
33 43
43 52
19 24
41 50
24 34
25 30
3 10
50 3
36 46
21 27
19 25
49 58
10 15
46 53
25 34
39 49
33 39
0 5
28 34
32 41
50 58
14 23
8 15
22 29
50 55
6 11
15 21
27 35
43 52
28 35
32 40
33 43
32 40
3 11
41 51
26 31
3 8
44 50
50 56
3 10
39 46
22 32
40 49
35 43
31 37
44 53
48 54
44 52
31 39
44 54
36 43
21 27
16 24
0 9
24 29
46 52
28 38
20 26
49 25
14 24
41 47
41 51
18 28
39 47
28 33
0 7
5 14
36 43
39 48
17 27
10 19
16 22
36 46
45 52
29 36
33 41
47 56
43 53
36 46
46 56
33 39
16 21
21 29
14 23
47 56
8 16
33 38
11 21
22 29
50 57
9 19
1 8
6 12
43 50
28 38
2 8
13 21
11 17
0 9
40 46
36 41
45 55
13 19
49 59
36 41
26 35
37 47
3 12
46 35
30 38
39 45
30 39
5 11
0 8
35 44
50 55
16 22
33 41
3 10
44 52
21 31
48 55
12 22
16 26
1 10
46 56
1 7
41 48
33 40
42 47
44 51
16 23
44 51
40 48
45 50
32 42
16 22
31 38
8 15
22 31
40 46
2 8
1 9
41 50
30 39
40 49
39 46
44 51
1 8
42 49
7 13
42 48
20 27
25 31
7 13
50 13
40 50
18 24
18 24
13 20
45 54
12 19
17 23
26 33
24 34
46 55
29 34
27 35
23 29
14 22
9 19
21 26
31 37
3 9
18 24
33 41
46 53
8 14
38 47
29 39
31 36
10 17
24 29
35 42
6 11
32 42
44 51
0 9
16 25
11 21
37 47
12 22
48 54
30 39
37 47
2 12
3 12
39 47
22 28
12 18
17 24
50 55
8 17
26 34
6 13
4 10
29 13
19 29
7 15
30 37
18 28
8 14
26 32
33 40
30 38
42 47
14 21
49 57
21 29
27 37
0 9
16 21
2 12
9 16
40 46
33 40
14 20
16 21
25 32
14 21
14 22
22 28
29 35
23 29
15 24
15 21
28 4
48 56
47 54
23 31
25 34
20 28
3 13
34 40
37 43
3 10
34 41
37 42
6 12
38 47
18 26
0 5
13 18
23 30
17 27
8 18
27 34
25 31
47 57
43 51
49 58
0 8
38 44
27 37
18 23
44 26
4 14
43 50
17 27
14 23
48 56
33 41
11 20
20 28
2 7
13 23
3 10
22 29
48 56
37 46
21 30
42 49
17 26
4 11
11 18
30 36
31 37
12 19
41 50
10 20
50 56
45 51
0 6
23 30
5 12
5 12
10 17
10 15
7 17
19 25
42 48
19 27
10 16
5 12
17 22
4 14
20 25
20 28
7 14
3 12
47 29
45 54
43 49
15 20
1 7
17 22
46 55
26 36
3 12
43 53
18 24
9 19
19 24
43 49
0 9
14 24
0 5
45 54
1 7
12 20
49 54
41 48
5 14
38 45
44 50
21 27
47 56
26 33
45 54
45 54
25 35
36 44
27 36
37 43
11 20
28 36
2 8
14 22
41 51
28 34
35 42
48 56
41 47
48 53
50 59
44 49
37 44
44 51
3 26
24 31
31 41
28 34
44 24
15 25
2 7
39 45
34 39
36 44
27 32
50 60
26 36
47 53
45 51
11 19
6 14
15 20
35 40
21 29
1 8
21 28
32 38
7 12
28 37
6 13
6 14
48 57
1 11
6 14
21 29
11 16
38 44
15 23
12 20
2 11
48 53
20 26
6 15
24 33
46 54
43 50
7 12
30 35
43 50
39 48
15 23
22 28
6 14
44 2
11 20
36 45
30 35
21 27
2 12
1 10
20 25
8 13
15 21
18 25
25 33
45 55
10 17
49 57
21 30
4 10
28 35
14 20
13 21
33 42
22 30
32 42
7 15
47 56
35 41
29 34
28 38
28 35
26 32
19 28
45 50
17 24
34 40
16 25
17 27
9 15
41 46
49 56
50 56
47 54
15 24
20 30
48 55
7 17
34 9
50 58
45 55
46 56
25 31
22 27
29 35
17 22
41 50
43 49
11 16
31 40
36 46
4 12
22 30
29 37
34 41
4 14
34 39
7 12
8 18
34 41
43 53
12 20
23 33
31 38
4 9
7 13
3 12
21 31
10 17
34 43
2 11
8 14
45 54
12 38
21 28
42 50
11 21
19 29
17 27
32 39
15 21
33 40
41 49
30 35
33 38
17 22
21 4
16 24
22 27
48 57
0 7
50 55
16 22
39 48
19 26
24 29
34 42
14 23
2 11
41 47
29 38
5 10
24 29
33 40
47 53
34 39
41 50
3 10
22 45
35 45
16 26
2 12
43 51
9 19
41 46
31 39
16 21
36 46
39 46
40 46
32 39
20 26
7 12
7 15
27 33
9 14
23 32
24 32
45 51
12 20
15 24
15 24
6 12
45 50
32 38
8 16
30 36
19 24
45 54
10 17
38 46
29 36
39 46
17 22
9 14
9 17
33 42
46 4
41 46
1 9
19 26
35 42
9 17
3 10
46 52
46 53
3 12
17 25
50 59
36 45
27 35
24 32
41 48
7 17
41 46
19 28
19 28
35 41
8 13
39 48
45 50
6 11
0 10
48 58
18 28
5 14
36 44
12 18
26 31
37 43
12 22
15 25
21 29
31 39
24 30
14 21
5 10
14 20
12 18
10 19
11 18
27 33
10 16
13 19
26 34
38 46
15 25
7 13
22 32
24 32
4 10
0 7
16 25
42 51
4 12
14 20
14 22
15 22
6 14
46 54
35 44
47 55
17 27
33 38
35 44
18 25
31 37
1 11
33 39
45 54
31 40
38 13
45 55
46 54
48 53
5 12
31 37
44 53
45 53
48 53
50 55
35 40
4 9
16 23
30 39
21 28
36 42
44 53
33 42
46 55
10 15
21 26
48 55
31 40
39 44
26 31
16 25
3 10
35 44
34 42
25 30
30 40
7 16
32 38
32 41
43 51
15 22
26 33
3 8
4 14
35 36
18 23
45 50
2 10
14 20
6 14
0 10
27 37
45 55
50 58
19 25
50 57
9 17
7 17
8 14
29 39
42 47
45 52
21 30
33 39
35 40
24 34
22 28
36 45
45 54
6 16
29 39
35 40
37 43
19 28
17 25
19 28
8 14
46 52
35 42
26 31
5 41
1 7
19 25
40 48
30 35
0 10
24 19
28 37
46 55
28 35
33 41
17 22
11 21
12 21
10 18
27 36
29 34
24 33
17 26
11 17
43 49
25 33
33 40
15 22
22 30
0 10
35 41
36 44
24 30
3 8
17 23
41 40
19 27
25 32
46 52
6 15
3 9
47 52
29 37
45 53
23 29
0 9
15 25
48 55
28 37
40 50
17 24
15 23
23 28
2 8
41 48
44 53
16 24
17 24
41 47
4 12
31 36
34 43
17 27
25 30
21 29
31 39
0 7
8 14
5 13
19 24
44 52
5 11
5 13
22 28
15 22
27 33
12 19
4 9
47 57
8 14
36 41
19 26
24 14
7 15
43 50
34 39
0 10
35 42
28 36
14 24
8 14
22 32
6 12
43 49
28 33
27 32
13 19
33 38
11 19
40 46
11 21
48 54
50 56
34 41
1 6
32 39
33 41
21 26
44 52
2 7
47 52
50 56
42 51
32 37
29 39
15 24
3 13
39 45
13 21
13 21
13 20
13 20
43 49
27 37
17 23
10 15
20 26
20 27
21 31
36 25
26 32
48 58
21 31
26 33
21 28
38 43
44 52
42 47
30 36
27 37
49 55
7 16
47 52
36 44
3 9
43 50
20 25
23 28
45 50
47 52
48 58
8 16
45 55
11 18
44 54
39 47
2 10
27 34
3 13
24 29
41 49
32 42
4 12
49 56
31 36
10 19
11 10
21 26
20 29
2 11
50 59
50 56
32 39
33 43
12 17
0 6
45 53
26 32
45 33
42 47
19 27
11 18
5 13
28 38
16 25
3 11
49 54
37 43
8 15
19 27
46 51
44 51
39 45
17 24
35 42
46 53
20 27
10 15
33 38
33 38
1 7
17 22
48 57
21 29
50 56
6 13
39 48
21 28
13 18
17 26
35 42
7 17
0 10
22 30
9 19
14 21
11 21
50 58
49 54
8 16
20 30
1 7
0 8
24 31
4 6
30 38
28 33
20 27
34 40
29 32
37 43
16 22
15 24
6 15
17 22
31 41
23 28
45 53
26 34
35 44
17 24
22 28
14 21
37 42
19 27
21 27
36 42
44 54
26 34
16 26
48 55
12 17
26 36
29 39
49 56
49 55
23 31
40 50
12 17
21 2
31 40
31 39
46 52
26 35
19 26
43 51
11 19
25 33
6 16
2 11
9 14
45 55
27 32
44 52
37 46
50 60
4 12
2 10
44 50
29 35
18 24
38 15
10 17
47 54
45 51
12 22
37 44
44 51
19 29
40 47
21 29
10 16
9 14
26 34
50 56
50 60
45 55
2 9
50 56
7 16
43 48
22 30
38 46
1 9
46 55
41 46
6 15
41 50
22 28
6 16
18 28
22 32
23 29
45 53
19 28
36 45
7 12
40 45
38 48
6 15
50 18
2 8
26 31
5 13
0 6
5 14
23 31
41 46
26 36
17 26
42 48
14 20
7 14
23 32
33 40
47 54
47 54
27 33
22 31
28 36
21 30
21 29
11 16
42 49
41 51
23 29
28 38
32 38
4 14
0 6
22 32
15 22
48 53
26 31
0 6
47 56
41 51
41 46
35 43
44 51
35 40
35 42
19 28
50 55
1 9
46 53
14 22
32 38
7 17
28 36
13 21
26 25
0 6
3 13
4 11
39 45
30 39
15 24
21 28
14 24
4 14
39 48
46 55
48 58
33 42
38 46
11 19
31 38
38 44
11 19
50 56
48 58
15 23
20 26
13 19
20 25
49 56
29 37
34 8
4 12
14 21
32 41
25 33
30 39
27 33
42 52
18 25
46 52
27 33
7 14
2 7
50 55
30 40
24 29
32 42
20 25
31 36
44 52
29 37
40 45
25 35
31 36
11 19
10 20
38 44
12 20
1 6
1 8
42 47
25 30
43 48
12 22
12 18
15 36
13 22
41 50
10 16
16 24
35 45
19 24
50 60
41 47
30 37
29 36
32 37
18 26
44 51
6 16
39 44
22 25
29 35
4 13
45 50
3 11
23 32
40 50
8 15
41 48
37 44
30 36
8 16
29 36
19 27
41 51
2 7
13 21
50 58
17 26
28 34
2 10
3 13
45 51
30 20
19 25
34 43
37 43
16 24
42 49
21 29
7 13
38 47
41 49
37 46
49 59
12 21
8 13
13 18
2 7
19 25
39 47
20 27
2 11
32 37
48 58
28 33
29 39
7 17
14 21
46 55
46 53
47 55
28 37
12 21
30 13
11 19
47 57
22 32
36 44
15 24
49 59
29 39
11 17
38 46
15 25
14 19
27 33
1 7
28 38
49 55
20 30
5 12
25 34
5 11
20 28
36 43
47 52
16 26
25 31
44 50
5 10
50 60
24 31
43 52
49 54
4 46
39 49
39 47
42 50
13 19
23 8
47 56
6 11
46 55
39 49
10 19
22 28
30 37
18 26
36 43
16 25
31 41
44 54
39 48
24 31
33 40
21 31
38 43
50 57
12 20
25 33
4 11
27 36
24 31
2 14
39 44
9 19
37 17
2 7
23 29
49 55
16 23
45 52
49 57
18 26
0 10
25 34
5 11
9 19
6 16
42 51
16 22
47 55
47 54
29 34
20 28
36 46
14 23
12 17
2 8
13 22
15 20
39 48
30 35
28 35
8 13
33 42
50 58
39 44
33 38
34 42
28 33
38 46
50 60
35 41
39 34
33 40
44 51
41 48
47 53
49 54
10 16
38 45
28 36
22 32
7 15
18 23
13 22
40 48
31 37
30 39
1 6
24 30
10 17
48 53
28 37
35 42
18 27
26 31
10 15
12 20
32 41
28 36
41 47
47 53
35 40
43 53
38 47
9 15
31 38
17 22
48 57
19 24
22 28
18 24
21 16
8 18
37 45
20 26
15 21
9 14
27 32
41 48
49 58
28 35
40 46
44 52
19 28
7 17
45 54
23 30
4 13
14 21
40 45
37 42
27 35
2 11
